0.00574
0.01760
0.02465
0.02520
0.03161
0.03325
0.05236
0.05413
0.06045
0.06725
0.07953
0.09945
0.12604
0.14634
0.18670
0.18881
0.19397
0.19841
0.21180
0.21297
0.22128
0.27797
0.29569
0.30903
0.33264
0.34800
0.35575
0.36910
0.39573
0.40925
0.41748
0.41872
0.44316
0.47437
0.48436
0.52385
0.54232
0.55033
0.58046
0.58644
0.62492
0.63765
0.64343
0.65123
0.65727
0.68847
0.71332
0.71527
0.72478
0.73373
0.78237
0.78456
0.78745
0.79244
0.82977
0.83209
0.83900
0.87624
0.90239
0.91261
0.92529
0.92967
0.93324
0.93398
0.95071
0.98250
1.01217
1.04202
1.05113
1.06630
1.06948
1.07124
1.10724
1.10741
1.10899
1.12827
1.16145
1.17219
1.20272
1.20925
1.22085
1.23353
1.24592
1.26281
1.27206
1.27729
1.27732
1.28533
1.29544
1.30061
1.31020
1.33362
1.34805
1.35750
1.42354
1.43382
1.43638
1.45013
1.45553
1.48410
1.49839
1.49858
1.53435
1.53691
1.55396
1.56188
1.59420
1.65660
1.66997
1.67994
1.70576
1.72341
1.76674
1.77253
1.77656
1.79929
1.79987
1.81054
1.83895
1.87468
1.87594
1.88268
1.91356
1.91968
1.98004
1.99034
2.02091
2.03277
2.06770
2.13911
2.14068
2.14201
2.14757
2.16436
2.18814
2.20107
2.20801
2.22638
2.28014
2.30144
2.31259
2.33515
2.36442
2.38618
2.40274
2.40803
2.44692
2.47490
2.52176
2.52177
2.55043
2.55475
2.55681
2.56103
2.57444
2.58223
2.58515
2.60960
2.63554
2.63923
2.67167
2.69793
2.71264
2.71485
2.71501
2.71587
2.71639
2.72390
2.76260
2.79946
2.84129
2.84493
2.84703
2.84851
2.87701
2.88117
2.90004
2.91351
2.93127
2.93463
2.95107
2.96273
3.00388
3.00557
3.07232
3.11868
3.13149
3.13616
3.14967
3.15003
3.16829
3.16967
3.17297
3.20308
3.26012
3.28294
3.30389
3.35042
3.36693
3.37849
3.39133
3.40411
3.43281
3.44020
3.46958
3.47367
3.48924
3.49391
3.50172
3.50517
3.55752
3.56485
3.58933
3.59298
3.59376
3.61213
3.63799
3.65689
3.66827
3.66906
3.67335
3.69806
3.70159
3.73215
3.75546
3.75959
3.76530
3.79801
3.80255
3.86034
3.90649
3.93378
3.94061
3.97260
4.03121
4.05766
4.10844
4.10946
4.11344
4.11459
4.15329
4.15821
4.20117
4.20148
4.20913
4.22810
4.24203
4.33263
4.34015
4.34292
4.34296
4.36966
4.38717
4.40412
4.41922
4.46120
4.46371
4.47986
4.49830
4.51114
4.56490
4.60274
4.62057
4.62297
4.63500
4.64531
4.66985
4.71354
4.72485
4.72925
4.73791
4.74126
4.75812
4.77101
4.78019
4.79495
4.80196
4.80487
4.82033
4.85121
4.88113
4.88919
4.89699
4.90628
4.99388
5.02550
5.03198
5.03348
5.03589
5.09617
5.12152
5.18985
5.23797
5.24018
5.24744
5.25637
5.26460
5.26636
5.28172
5.30487
5.32724
5.32834
5.33414
5.36075
5.39060
5.40418
5.46949
5.54924
5.57452
5.58049
5.73429
5.74460
5.75511
5.80798
5.81097
5.81251
5.84907
5.85013
5.91003
5.95272
6.01242
6.01283
6.02294
6.02564
6.05309
6.08916
6.15698
6.19502
6.21253
6.24782
6.27218
6.27389
6.29669
6.32664
6.32778
6.36447
6.37036
6.38505
6.39076
6.40943
6.42330
6.43471
6.44806
6.46589
6.50287
6.51017
6.53663
6.56282
6.56778
6.57259
6.59559
6.59669
6.60638
6.61074
6.64324
6.68500
6.69391
6.71890
6.75390
6.77891
6.78545
6.78653
6.79839
6.80511
6.81500
6.81872
6.81982
6.82324
6.82608
6.83491
6.85659
6.88874
6.89237
6.92118
6.94537
6.95109
6.95900
6.96402
6.96659
6.98856
7.01923
7.07484
7.09563
7.10210
7.11802
7.14812
7.14993
7.16518
7.18693
7.20924
7.25324
7.26293
7.29098
7.34364
7.34615
7.36667
7.37253
7.40544
7.47438
7.52991
7.54018
7.56514
7.57004
7.63134
7.63603
7.75994
7.79982
7.81436
7.82874
7.84041
7.85577
7.90642
7.91808
7.91825
7.94971
8.02255
8.08598
8.08853
8.13614
8.18608
8.21119
8.25332
8.27080
8.27487
8.28268
8.28771
8.29184
8.29895
8.30026
8.31741
8.31759
8.32834
8.37152
8.44121
8.48378
8.50910
8.52120
8.54692
8.55293
8.58357
8.60477
8.62494
8.64364
8.64831
8.73107
8.73239
8.73750
8.75925
8.79145
8.79580
8.85303
8.85324
8.85530
8.85647
8.87533
8.89437
8.93240
8.94450
8.96056
8.98316
9.03367
9.11130
9.13486
9.22463
9.25629
9.28902
9.34702
9.48286
9.50870
9.51374
9.52067
9.55223
9.57395
9.60203
9.60335
9.60343
9.61793
9.62403
9.63325
9.68554
9.74963
9.76106
9.77409
9.82020
9.94278
9.95182
9.95462
9.96538
10.00677
10.05351
10.07260
10.14702
10.16464
10.19787
10.20095
10.22786
10.23604
10.29690
10.29840
10.30779
10.33040
10.36766
10.42888
10.47801
10.49568
10.52744
10.59123
10.63188
10.64007
10.68334
10.68419
10.70288
10.71111
10.75207
10.84068
10.84599
10.85145
10.86872
10.90768
10.90891
10.91928
10.93526
10.96018
10.98800
11.00065
11.00224
11.13442
11.17196
11.18081
11.19293
11.19930
11.22092
11.22094
11.23557
11.25527
11.26337
11.29331
11.29713
11.38497
11.39154
11.40460
11.44321
11.46534
11.47557
11.47723
11.48880
11.67329
11.69695
11.71625
11.76102
11.77395
11.78658
11.78897
11.81399
11.85672
11.85996
11.91110
11.93522
11.95974
11.98615
11.99780
12.03909
12.09943
12.12654
12.30705
12.34592
12.40237
12.41200
12.52350
12.59997
12.61232
12.64999
12.68005
12.68497
12.69361
12.70072
12.75118
12.81506
12.84822
12.91932
12.92912
12.92927
12.95534
13.00672
13.04535
13.09760
13.11683
13.12409
13.13510
13.13802
13.15357
13.22456
13.22609
13.22918
13.23443
13.25737
13.26743
13.30336
13.30825
13.31076
13.31920
13.34249
13.35108
13.41876
13.45651
13.56859
13.74171
13.74410
13.77466
13.79474
13.85831
13.87334
13.87983
13.89452
13.91799
13.93321
13.99404
14.02120
14.19135
14.22264
14.24123
14.30580
14.33474
14.34546
14.34941
14.39260
14.40376
14.48940
14.50896
14.54776
14.55398
14.62093
14.67332
14.68001
14.70262
14.75276
14.75326
14.76255
14.76623
14.86473
14.98555
15.03181
15.03204
15.05192
15.06521
15.08561
15.10777
15.12181
15.13251
15.24726
15.26932
15.27808
15.30931
15.31624
15.38593
15.41765
15.42299
15.45548
15.47722
15.54064
15.61943
15.69283
15.70634
15.81898
15.84497
15.86911
15.88201
15.88355
16.01323
16.01592
16.06552
16.13128
16.15646
16.19731
16.21944
16.26389
16.26753
16.43679
16.58063
16.62225
16.62718
16.65077
16.70584
16.73981
16.76776
16.91622
16.98034
16.99123
17.05325
17.10491
17.11192
17.11663
17.20149
17.25599
17.32975
17.46392
17.48289
17.49727
17.54160
17.55210
17.61968
17.63928
17.68468
17.70658
17.84270
18.00661
18.01570
18.01797
18.03754
18.05177
18.05961
18.13744
18.17609
18.20742
18.32668
18.44070
18.57065
18.73544
18.77430
18.79312
18.81641
18.91568
19.04114
19.06237
19.13760
19.17445
19.39443
19.45287
19.46268
19.49050
19.53315
19.67288
19.68975
19.70592
19.74227
19.89971
20.08701
20.11639
20.15490
20.16294
20.26455
20.28336
20.28561
20.36565
20.36965
20.37679
20.39662
20.58246
20.64862
20.65170
20.68061
20.70921
20.72946
20.74557
20.83653
20.96980
21.06979
21.08978
21.11159
21.15044
21.20498
21.21001
21.29563
21.35055
21.44000
21.58396
21.66106
21.69721
21.78061
21.81791
21.84902
21.87210
22.04075
22.06211
22.06664
22.10094
22.14052
22.21447
22.24158
22.27208
22.29921
22.31276
22.37570
22.44405
22.51779
22.53447
22.64481
22.66888
22.67201
22.67886
22.93946
22.99194
23.02914
23.13562
23.30205
23.33454
23.33918
23.45214
23.58655
23.61284
23.65869
23.67619
23.77375
23.77758
23.85503
23.91478
24.03172
24.05081
24.10375
24.17734
24.24705
24.33001
24.34874
24.46078
24.57486
24.62787
24.63791
24.64722
24.68853
24.69763
24.70951
24.73652
24.78059
24.81293
24.85441
24.93353
24.93580
25.00728
25.05616
25.06191
25.06525
25.16338
25.20857
25.27677
25.28199
25.28711
25.44621
25.48099
25.72260
25.97493
26.12832
26.19985
26.20516
26.26547
26.45135
26.52128
26.52473
26.56246
26.61802
26.67565
26.80479
26.87175
27.29784
27.33916
27.39361
27.47943
27.63406
27.64009
27.82576
27.86403
28.01515
28.07498
28.21801
28.45480
28.61928
28.85268
29.16966
29.20375
29.33172
29.39538
29.46032
29.54866
29.88087
30.50259
30.55731
30.65916
30.67444
30.68805
30.76000
31.09399
31.35822
31.56958
31.57836
31.79608
31.86993
31.89234
32.20638
32.31169
32.59103
32.75910
32.82538
32.91482
32.96372
32.97329
33.09536
33.43072
33.52170
33.61169
33.63119
33.89282
34.05715
34.18999
34.25110
34.30769
34.32597
35.05365
35.25759
35.28625
35.34553
35.35983
35.71410
35.85222
36.12429
36.13543
36.24325
36.56349
36.56354
36.66526
36.92975
36.98244
37.04745
37.49100
37.62771
37.68147
37.87577
38.16423
38.27573
38.39970
38.41055
38.64728
38.98494
39.19436
39.28440
39.53649
39.56034
39.78923
39.96233
39.98324
40.13883
40.24158
41.12242
41.18557
41.38921
41.46149
41.76800
41.84369
42.02701
42.08152
42.66963
43.11336
43.18869
43.28659
43.45258
44.00489
44.47109
44.51526
44.88466
45.10226
45.98351
46.05256
46.06670
46.10574
46.63404
48.36840
48.42818
48.70260
48.74433
48.80514
48.84379
49.09536
49.83463
50.24985
50.28467
50.35378
50.87570
51.04499
51.19217
52.90432
53.49251
54.17620
54.94787
55.42348
55.61128
56.39557
56.42872
58.69629
59.82444
61.52734
63.13300
63.63335
64.57759
66.55391
67.98715
69.16112
75.54855
75.79749
77.36335
85.30875
88.30909
97.69286